# IR Spectrum
# X-Axis:  Frequency (cm-1)
# Y-Axis:  Epsilon
#                  X                   Y               DY/DX
        0.0000000000        0.0578479999        0.0034795456
        5.0000000000        0.0862392382        0.0089962336
       10.0000000000        0.1576254532        0.0172424199
       15.0000000000        0.1772065369        0.0034820985
       20.0000000000        0.1795390522       -0.0116074835
       25.0000000000        0.1687837362        0.0021566156
       30.0000000000        0.2040810183        0.0117358925
       35.0000000000        0.2942641885        0.0263006576
       40.0000000000        0.5097696273        0.0684468387
       45.0000000000        1.1869127365        0.2461882772
       50.0000000000        3.0512209982        0.2458463312
       55.0000000000        2.7014672223       -0.3019155470
       60.0000000000        1.9233818510        0.0760814596
       65.0000000000        2.7833083611        0.2314342363
       70.0000000000        1.8518335922       -0.3633557812
       75.0000000000        0.9306060130       -0.0597619759
       80.0000000000        0.5818421496       -0.0748980373
       85.0000000000        0.3610723997       -0.0220096392
       90.0000000000        0.3021458642       -0.0041088643
       95.0000000000        0.3109036763        0.0078750286
      100.0000000000        0.3976600459        0.0308447886
      105.0000000000        0.7399702063        0.1190169614
      110.0000000000        1.4375312560        0.0550492930
      115.0000000000        1.2132953545       -0.1619187807
      120.0000000000        0.6971744432       -0.0378726643
      125.0000000000        0.6737032567        0.0208049882
      130.0000000000        0.9031748312        0.0772402494
      135.0000000000        1.6221134298        0.2485251371
      140.0000000000        3.8548227806        0.5692905166
      145.0000000000        6.4880010011        0.1981781191
      150.0000000000        5.7621207383        0.3132001992
      155.0000000000        6.0506234396       -0.9023005477
      160.0000000000        2.7602095331       -0.2832173373
      165.0000000000        2.3393919441        0.0668407374
      170.0000000000        3.4880207222        0.4376708912
      175.0000000000        8.2914353661        1.8269949577
      180.0000000000       22.7900769954        1.8597350412
      185.0000000000       12.0813621155       -2.8965550906
      190.0000000000        4.2069304515       -0.7238153825
      195.0000000000        2.1058707652       -0.2326998044
      200.0000000000        1.3483178314       -0.0946102984
      205.0000000000        1.0279764117       -0.0404134470
      210.0000000000        0.9055017195       -0.0106639336
      215.0000000000        0.9135158271        0.0154136359
      220.0000000000        1.0813771991        0.0567618044
      225.0000000000        1.5927829903        0.1709314390
      230.0000000000        3.3638431676        0.6598407053
      235.0000000000        7.9471190181        0.2129870584
      240.0000000000        4.0976787736       -0.6249454891
      245.0000000000        2.8526909949        0.0092642925
      250.0000000000        3.8676237226        0.4348255331
      255.0000000000        8.6347619316        1.8056360274
      260.0000000000       25.3619025974        3.4581829363
      265.0000000000       16.3727257697       -3.7818003269
      270.0000000000        6.1623067124       -0.8054145647
      275.0000000000        4.4083799936       -0.2812365538
      280.0000000000        2.4244497511       -0.2971164097
      285.0000000000        1.5516854602       -0.0942509919
      290.0000000000        1.2725482875       -0.0287299731
      295.0000000000        1.2255199706        0.0077362985
      300.0000000000        1.4108109749        0.0450641006
      305.0000000000        1.7676522556        0.1045574352
      310.0000000000        2.5739197195        0.2405137806
      315.0000000000        4.6131372114        0.6655343298
      320.0000000000       11.3818602789        2.4830486971
      325.0000000000       31.7181440993        4.0438531360
      330.0000000000       20.0230003072       -4.7096605087
      335.0000000000        7.1674773826       -1.1294305925
      340.0000000000        4.2384030322       -0.2152822602
      345.0000000000        4.4858738966        0.3334123040
      350.0000000000        8.3268158077        1.3727967605
      355.0000000000       12.1627621536       -1.4652949293
      360.0000000000        4.6800487593       -0.7960033184
      365.0000000000        2.7871144038       -0.1568852449
      370.0000000000        1.8860861277       -0.1735666989
      375.0000000000        1.3438397963       -0.0594571344
      380.0000000000        1.1630357329       -0.0191878101
      385.0000000000        1.1191898487        0.0000493149
      390.0000000000        1.2387533843        0.0150737670
      395.0000000000        1.4699392799        0.0308062896
      400.0000000000        1.6629084189        0.0491082895
      405.0000000000        1.9719358986        0.0767495861
      410.0000000000        2.4655310946        0.1260963353
      415.0000000000        3.2984787818        0.2108658073
      420.0000000000        4.7507108914        0.4090393226
      425.0000000000        8.0113388809        1.0222076422
      430.0000000000       17.9137247496        3.5547111432
      435.0000000000       51.4110524646        7.5497868972
      440.0000000000       37.5913452064       -6.3831787866
      445.0000000000       25.4029906992        0.4648188852
      450.0000000000       30.0895341006        1.6973183405
      455.0000000000       61.3305705301       12.8473127794
      460.0000000000       81.8468135192      -14.4735231407
      465.0000000000       26.9880036030       -5.4351444038
      470.0000000000       12.0651090600       -1.5174499444
      475.0000000000        7.3165899595       -0.5692089739
      480.0000000000        5.4071860151       -0.2425101640
      485.0000000000        4.6165041505       -0.0871753256
      490.0000000000        4.4536614164        0.0268497307
      495.0000000000        4.9707038077        0.2059596815
      500.0000000000        6.7978053145        0.3824286564
      505.0000000000        8.1904135566        0.4762963738
      510.0000000000       10.3851197571        0.4335786863
      515.0000000000       15.7927184695        1.5164511608
      520.0000000000       26.2032072302        4.0466873461
      525.0000000000       53.3444157547        1.1222145776
      530.0000000000       32.0942588458       -3.4482394656
      535.0000000000       28.4371799702        1.3943811237
      540.0000000000       46.9603853792        6.8881378480
      545.0000000000      122.4811871155       28.6410847155
      550.0000000000      303.1982506955        3.3039388646
      555.0000000000      141.2339807027      -31.3644013203
      560.0000000000       51.3981897058       -8.5910617689
      565.0000000000       26.5658554110       -2.6636847668
      570.0000000000       18.5168586244       -0.8191953240
      575.0000000000       17.2787505822        0.3323235277
      580.0000000000       23.5153830508        2.5860503920
      585.0000000000       52.9263422016       10.5607805296
      590.0000000000       80.0159815350       -8.0726834839
      595.0000000000       53.9513110568        2.2041356224
      600.0000000000       92.4118547296        3.5362298695
      605.0000000000       47.1354296492      -10.2862363335
      610.0000000000       18.8649708825       -2.6835076460
      615.0000000000       10.8607849997       -0.9084603646
      620.0000000000        7.8409230658       -0.3616254421
      625.0000000000        6.7243676700       -0.1101147401
      630.0000000000        6.7210092283        0.0931330901
      635.0000000000        8.2130862847        0.4263607384
      640.0000000000       12.6627455738        1.4347616533
      645.0000000000       24.9197753890        2.4323201380
      650.0000000000       33.1185956123        3.6870518048
      655.0000000000       79.6304246505       13.1386663913
      660.0000000000       76.0244725347      -14.4117377390
      665.0000000000       27.2269388792       -4.6826705654
      670.0000000000       14.3759054786       -1.2869075783
      675.0000000000       10.5417810190       -0.4066504827
      680.0000000000       10.0180211665       -0.0401113740
      685.0000000000       10.4709102847        0.2296140895
      690.0000000000       12.2385101024        0.4545296037
      695.0000000000       15.5939226008        0.9853215832
      700.0000000000       23.3650869495        2.3541202708
      705.0000000000       44.3118196794        7.1102000141
      710.0000000000      120.9102456319       28.2623734791
      715.0000000000      235.1445915207      -14.9770218407
      720.0000000000       90.9492304371      -19.3271865161
      725.0000000000       40.1910917702       -4.6228902720
      730.0000000000       27.6937443055       -1.0111054250
      735.0000000000       26.6362353530        0.3833257577
      740.0000000000       32.8109277201        2.4262377905
      745.0000000000       61.2674448920       10.9439442364
      750.0000000000      125.1118942243       -0.8198726570
      755.0000000000       79.0811673223       -4.9354823371
      760.0000000000       52.2769592067       -4.7627660763
      765.0000000000       41.9220738863       -0.0235075206
      770.0000000000       48.2129629739        2.4757091973
      775.0000000000       67.8232829325        5.7296553417
      780.0000000000      114.1051366373       14.5239790417
      785.0000000000      253.0786532968       48.0535641510
      790.0000000000      607.8612949871       87.5661255004
      795.0000000000      857.2391401397       39.8243693670
      800.0000000000      992.6798553181      -77.5728351382
      805.0000000000      396.2962621852      -84.0334479955
      810.0000000000      165.3084577156      -22.3920043033
      815.0000000000       99.4597438676       -6.9973144263
      820.0000000000       81.1468836384       -0.8149049339
      825.0000000000       91.1156646586        5.3144576564
      830.0000000000      149.2288566546       21.2477166259
      835.0000000000      388.4869348247       91.3062597527
      840.0000000000      825.2380695125      -56.6373258697
      845.0000000000      293.5844619910      -67.2151664437
      850.0000000000      113.6348696162      -17.4862741529
      855.0000000000       59.7803977014       -6.4237537432
      860.0000000000       37.6221699615       -3.0079424844
      865.0000000000       26.4510422150       -1.6428343663
      870.0000000000       20.0522643930       -0.9874290539
      875.0000000000       16.0289248154       -0.6228317404
      880.0000000000       13.4568120005       -0.3860572846
      885.0000000000       12.0620074491       -0.1664352103
      890.0000000000       12.0381946646        0.2158939854
      895.0000000000       15.6875848147        1.4876502767
      900.0000000000       22.1530678056        0.3068015808
      905.0000000000       26.8148081950       -0.1708107498
      910.0000000000       15.5402410323       -2.2035299192
      915.0000000000        9.4174755863       -0.5929388917
      920.0000000000        7.6148625193       -0.2019199389
      925.0000000000        6.9989161355       -0.0610902490
      930.0000000000        6.9301770517        0.0330633073
      935.0000000000        7.3994146775        0.1735469963
      940.0000000000        9.1644398238        0.6383066635
      945.0000000000       13.2638489566        0.1388516837
      950.0000000000       10.5648599025       -0.3301768538
      955.0000000000       10.1905001618        0.2039142706
      960.0000000000       11.5780456002        0.4847370024
      965.0000000000       14.5590925225        0.8425612278
      970.0000000000       20.6614993533        1.5081790681
      975.0000000000       31.4350058150        3.0215599372
      980.0000000000       53.4454780876        6.3244125449
      985.0000000000      108.8961848214       17.8082063594
      990.0000000000      286.7305363505       67.1651471183
      995.0000000000      739.1102312871        8.8009213157
     1000.0000000000      301.6950514075      -70.4316346638
     1005.0000000000      111.2287331594      -19.3197808097
     1010.0000000000       54.0783207041       -6.5302653645
     1015.0000000000       32.6422690428       -2.6926340657
     1020.0000000000       23.1530895823       -1.3637129385
     1025.0000000000       18.1563649228       -0.8514810896
     1030.0000000000       14.3808345729       -0.5417476376
     1035.0000000000       12.7507457017       -0.1460845837
     1040.0000000000       12.9656161464        0.2486150276
     1045.0000000000       16.0417402640        1.1317559519
     1050.0000000000       26.8363212914        3.8802703536
     1055.0000000000       66.2782839546        9.6582408859
     1060.0000000000       48.3487282358       -8.3443659091
     1065.0000000000       28.5558329113       -2.2374538914
     1070.0000000000       17.0166456245       -1.4975259033
     1075.0000000000       12.9921290677       -0.3527560567
     1080.0000000000       12.3200286246        0.0217804023
     1085.0000000000       13.2284828679        0.2447418366
     1090.0000000000       15.2077041805        0.4697415247
     1095.0000000000       18.2879654096        0.7874856125
     1100.0000000000       23.4902721569        1.3569005207
     1105.0000000000       32.7035273108        2.4232883664
     1110.0000000000       50.2781014939        5.1095582987
     1115.0000000000       93.2655445796       13.9524414531
     1120.0000000000      236.3214995710       53.3348149003
     1125.0000000000      663.8932309240       49.1807288368
     1130.0000000000      323.5658971799      -73.9624446596
     1135.0000000000      128.3966356484      -17.1981341334
     1140.0000000000       83.1029223885       -3.6369776970
     1145.0000000000       80.5169527753        2.3397230700
     1150.0000000000      107.7705842421        8.8879030562
     1155.0000000000      189.5561412788       28.3132036612
     1160.0000000000      494.2994804962      115.7847608534
     1165.0000000000     1304.0520937000       34.2637695473
     1170.0000000000      545.6244736921     -131.6125040683
     1175.0000000000      197.3897176564      -32.4001115692
     1180.0000000000      101.9008292920      -10.5213920445
     1185.0000000000       70.2438378999       -2.9337719652
     1190.0000000000       73.0932393067        4.6092574494
     1195.0000000000       96.4789352813        2.1556937018
     1200.0000000000       68.0361661985       -9.7464782440
     1205.0000000000       40.8881542327       -2.2171732334
     1210.0000000000       36.9861034275        0.1943731942
     1215.0000000000       43.1682536611        2.6321249686
     1220.0000000000       73.4067397324       11.4900063504
     1225.0000000000      135.1109301854       -2.7430205138
     1230.0000000000       95.8693689066       -1.0941529559
     1235.0000000000      138.6671762894       20.0320800870
     1240.0000000000      317.1987917525       51.6630422774
     1245.0000000000      687.9255136019       32.1521938451
     1250.0000000000      324.6229459613      -76.7029371011
     1255.0000000000      119.4055030343      -18.9309296293
     1260.0000000000       64.4071426987       -5.9115035793
     1265.0000000000       46.9515559706       -1.6168077642
     1270.0000000000       46.5027030831        1.5842191311
     1275.0000000000       69.3530583370        9.1307015613
     1280.0000000000      175.2603783171       38.2956140147
     1285.0000000000      232.6713138594      -40.4216331350
     1290.0000000000       84.7328216633      -13.6324019109
     1295.0000000000       44.4783714556       -5.1752664362
     1300.0000000000       28.9651422234       -1.5818787781
     1305.0000000000       25.0755567897       -0.1250871058
     1310.0000000000       27.7323159679        1.1176575313
     1315.0000000000       37.8930842109        3.1239533565
     1320.0000000000       65.6705413851        9.5207566591
     1325.0000000000      167.7517269734       38.0132867770
     1330.0000000000      386.6465809670       13.2893897197
     1335.0000000000      248.2284077604      -54.3659363980
     1340.0000000000       83.8437370434      -15.5643014656
     1345.0000000000       39.1633138343       -4.8758395502
     1350.0000000000       23.1896523781       -2.0375711869
     1355.0000000000       16.1696562213       -0.9691715755
     1360.0000000000       12.5943875401       -0.5746438991
     1365.0000000000       10.4323192086       -0.2478027350
     1370.0000000000        9.3741415801       -0.2370496002
     1375.0000000000        8.6613671851        0.0015018472
     1380.0000000000       10.1469993149        0.5014078540
     1385.0000000000       16.2160583671        2.3399477576
     1390.0000000000       34.8541159824        1.9615000399
     1395.0000000000       19.4461594189       -3.2352568274
     1400.0000000000       11.4131089089       -0.5350297323
     1405.0000000000       11.7472945108        0.7643220436
     1410.0000000000       12.8751317016       -1.0637497812
     1415.0000000000        8.8288476372       -0.3530467927
     1420.0000000000        8.1391109646        0.0052713091
     1425.0000000000        8.5942169406        0.1643964501
     1430.0000000000        9.7468845111        0.2993697501
     1435.0000000000       11.6639270160        0.4800865215
     1440.0000000000       14.7430821294        0.7806164277
     1445.0000000000       19.7606045012        1.3612282424
     1450.0000000000       29.3459838215        2.6652002305
     1455.0000000000       50.0653286972        6.3030372136
     1460.0000000000      107.7611429396       20.0384402757
     1465.0000000000      322.5228356721       75.4674068409
     1470.0000000000      481.7232400257      -74.8689027404
     1475.0000000000      160.6100424335      -32.9407383814
     1480.0000000000       73.0786389024       -8.2820330454
     1485.0000000000       49.7825762612       -2.0046695299
     1490.0000000000       49.1523075168        1.9087818909
     1495.0000000000       76.2178624162       10.6614254939
     1500.0000000000      146.0793109647        9.7695766963
     1505.0000000000      166.4001301510       -0.0772691268
     1510.0000000000      234.3364906408       35.3279104798
     1515.0000000000      269.7244808676      -38.8788190600
     1520.0000000000      128.4276715661      -11.0987188050
     1525.0000000000      126.8483769798        9.4547987053
     1530.0000000000      255.4699956000       51.2674008706
     1535.0000000000      683.5934014208       57.9154125047
     1540.0000000000      451.0440383309      -37.7554001124
     1545.0000000000      337.2821398092      -51.7811523359
     1550.0000000000      134.2686706123      -20.6117130169
     1555.0000000000       87.0824402626       -1.0145683340
     1560.0000000000       72.0629766903       -9.3897800681
     1565.0000000000       40.8234490499       -2.7137388705
     1570.0000000000       26.8164040550       -2.9173422091
     1575.0000000000       17.0578667538       -1.2343462277
     1580.0000000000       12.5573978478       -0.6577383919
     1585.0000000000        9.9921145934       -0.4068380395
     1590.0000000000        8.1494012707       -0.3329201022
     1595.0000000000        6.7516892613       -0.2309181926
     1600.0000000000        5.7721582481       -0.1646646993
     1605.0000000000        5.1027709494       -0.0985211467
     1610.0000000000        4.8368410804       -0.0412905984
     1615.0000000000        4.1447628049       -0.1603192503
     1620.0000000000        3.5509791088       -0.0891154553
     1625.0000000000        3.1746258783       -0.0631766360
     1630.0000000000        2.5667505884       -0.0437570354
     1635.0000000000        2.3806158649       -0.0305787759
     1640.0000000000        2.2673164014       -0.0133252203
     1645.0000000000        2.2794861849        0.0250517254
     1650.0000000000        2.6788553050        0.1649593863
     1655.0000000000        3.9655493859        0.2035560426
     1660.0000000000        2.9490807264       -0.2574584231
     1665.0000000000        2.3671950549        0.0009855032
     1670.0000000000        2.6900096600        0.1331747232
     1675.0000000000        2.6296864043       -0.1265807039
     1680.0000000000        2.2350932713       -0.0004257998
     1685.0000000000        2.5199757210        0.1107740364
     1690.0000000000        3.4257181350        0.2723823140
     1695.0000000000        5.6854866139        0.7179635824
     1700.0000000000       12.2580449710        2.5032589255
     1705.0000000000       38.2659545263        8.2328187654
     1710.0000000000       38.2280793216       -8.3979042963
     1715.0000000000       11.8591419988       -2.4577305777
     1720.0000000000        4.9656839347       -0.7190982702
     1725.0000000000        2.6603570436       -0.2874590482
     1730.0000000000        1.6417305213       -0.1407378954
     1735.0000000000        1.1127644260       -0.0787421236
     1740.0000000000        0.8032620821       -0.0483295107
     1745.0000000000        0.6069435997       -0.0317393692
     1750.0000000000        0.4745914137       -0.0219426478
     1755.0000000000        0.3813658364       -0.0157955487
     1760.0000000000        0.3131777103       -0.0117459142
     1765.0000000000        0.2618013616       -0.0089707427
     1770.0000000000        0.2221299222       -0.0070057782
     1775.0000000000        0.1905263692       -0.0055716390
     1780.0000000000        0.1654567348       -0.0045064570
     1785.0000000000        0.1450382111       -0.0036966227
     1790.0000000000        0.1281864729       -0.0030699602
     1795.0000000000        0.1141158244       -0.0025774543
     1800.0000000000        0.1022456734       -0.0021850248
     1805.0000000000        0.0921394732       -0.0018684762
     1810.0000000000        0.0834638628       -0.0016103084
     1815.0000000000        0.0758364157       -0.0013961206
     1820.0000000000        0.0680584396       -0.0012042308
     1825.0000000000        0.0624146103       -0.0010575350
     1830.0000000000        0.0573678249       -0.0009327931
     1835.0000000000        0.0522938139       -0.0008192931
     1840.0000000000        0.0484070786       -0.0007298931
     1845.0000000000        0.0449540113       -0.0006532237
     1850.0000000000        0.0418575808       -0.0005869246
     1855.0000000000        0.0390703245       -0.0005293006
     1860.0000000000        0.0365524194       -0.0004789782
     1865.0000000000        0.0338274196       -0.0004293521
     1870.0000000000        0.0000000000        0.0000000000
     1875.0000000000        0.0000000000        0.0000000000
     1880.0000000000        0.0000000000        0.0000000000
     1885.0000000000        0.0000000000        0.0000000000
     1890.0000000000        0.0000000000        0.0000000000
     1895.0000000000        0.0000000000        0.0000000000
     1900.0000000000        0.0000000000        0.0000000000
     1905.0000000000        0.0000000000        0.0000000000
     1910.0000000000        0.0000000000        0.0000000000
     1915.0000000000        0.0000000000        0.0000000000
     1920.0000000000        0.0000000000        0.0000000000
     1925.0000000000        0.0000000000        0.0000000000
     1930.0000000000        0.0000000000        0.0000000000
     1935.0000000000        0.0000000000        0.0000000000
     1940.0000000000        0.0000000000        0.0000000000
     1945.0000000000        0.0000000000        0.0000000000
     1950.0000000000        0.0000000000        0.0000000000
     1955.0000000000        0.0000000000        0.0000000000
     1960.0000000000        0.0000000000        0.0000000000
     1965.0000000000        0.0000000000        0.0000000000
     1970.0000000000        0.0000000000        0.0000000000
     1975.0000000000        0.0000000000        0.0000000000
     1980.0000000000        0.0000000000        0.0000000000
     1985.0000000000        0.0000000000        0.0000000000
     1990.0000000000        0.0000000000        0.0000000000
     1995.0000000000        0.0000000000        0.0000000000
